10006
10008
1001
10018
10019
1002
10022
10024
10027
10028
1003
10033
10035
10037
1004
10043
10044
10045
10049
10051
10065
1007
10073
10076
10079
10081
10082
10084
10087
10088
10089
1009
10091
10092
10096
10097
10098
10099
1010
10100
10101
10107
1011
1012
1013
10131
10133
10134
10135
10136
1014
10144
1015
10152
1016
10168
10169
1017
10171
10176
10178
10179
10181
10184
10185
1019
10196
10197
10198
10202
10207
1021
10217
1022
10220
10225
1023
1024
10245
1025
10257
10261
10264
10265
1027
10270
10276
10279
1028
10296
1030
10303
10307
1031
10316
1032
10320
10321
10324
10326
10328
10329
1033
10330
10332
10333
10334
10335
10336
10340
10341
10345
10346
10347
10354
10355
10356
1036
10366
10369
1037
10372
10374
10376
10377
10379
1038
10384
10386
10387
1039
10391
10392
10397
10398
10400
10401
1041
10415
10420
10428
1043
1044
1045
10455
10457
10458
1046
10460
10463
10466
10474
10476
10477
10479
10480
10481
10482
10483
10486
10490
10493
10495
10498
10499
1050
10500
10501
10502
10503
10504
10507
1051
10510
10515
1052
10521
10528
1053
10530
10531
10534
10537
10538
1054
10540
10541
10543
10545
10547
10548
1055
10551
10553
10558
10561
10564
10567
10571
1058
10582
10593
10594
10597
10598
10599
1060
10601
10605
10607
10609
1061
10610
10611
10612
10613
10614
1062
10624
10629
1063
10630
10633
10634
10638
10639
1064
10640
10642
10648
10650
10652
10653
10654
10655
10661
10669
1067
10670
10671
10679
1068
10684
10687
10688
10689
1069
1070
10700
10702
10703
10704
10705
10709
1071
10713
10715
10718
10719
1072
10721
10723
10727
1073
10730
10731
10732
10736
10739
10740
10742
10744
10747
10749
10750
10752
10757
1076
10760
10766
10767
10769
1077
10771
10772
10775
10777
1078
10783
10785
10786
10787
10789
10795
10796
10798
10799
1080
10801
10803
10804
10805
10806
1081
10817
1082
10824
10825
1083
10830
1084
10842
10845
1085
10853
1086
10879
1088
1089
10900
10901
10905
10907
1091
10915
1092
10923
10929
10932
10943
10944
10945
10946
10947
10948
10951
10955
10956
10957
1096
10968
1097
1098
10981
10983
10984
10986
10988
10989
1099
10990
10991
10992
10995
10997
11002
11005
11006
1101
1102
11022
11026
1103
11030
11031
11033
11034
11036
11037
11038
11039
1104
11041
11042
11043
11044
11045
11047
11048
1105
11050
11053
11054
1106
1107
11070
11071
11072
11078
1108
1109
11098
1110
11100
11103
11104
11107
11108
1111
11111
11116
11119
1112
11120
11121
11124
11126
11128
11130
11136
11139
1114
11144
11145
11146
11147
11148
11149
11160
11164
11167
11172
11175
11176
11177
11178
1118
11181
11182
11183
11184
11185
11186
1119
11190
11191
11192
11193
11194
1121
1123
1125
1126
1127
1128
1129
1131
11318
11322
11328
1134
1135
11350
11353
11354
11359
1136
11362
11366
11374
11378
11381
11384
11387
11389
11392
11393
11398
11399
1140
11401
11402
11403
11406
11407
11408
1141
11417
11418
11419
1142
11420
11426
11428
1143
11432
11437
1144
11440
11444
1145
11451
11454
1146
11461
1148
11486
11489
115
11512
11519
1152
11526
11528
1153
11530
11531
11533
11535
11539
1154
1155
11553
1156
1157
11579
1158
1159
11599
11605
11606
11608
11623
11624
11627
11629
1163
11633
11634
11636
11637
11638
11639
1164
11648
11649
1165
11650
11652
11654
11656
11658
11659
11660
11664
11666
1167
11672
11673
11674
11676
11678
1168
11682
11684
11685
11687
1169
11690
11693
11696
11697
11699
11704
11705
11707
11708
1171
11712
11713
11714
11715
1172
11723
11724
11726
11727
11731
11733
11734
11736
11737
11738
11739
11740
11741
11742
11748
1175
1176
11765
11767
11783
11787
1179
11790
11794
1180
11808
1182
11826
1183
11830
11834
11837
1184
11841
11844
11845
1185
11850
11851
11852
11853
11854
11855
11858
1186
11864
11871
1188
11884
11886
11889
1189
11890
11893
1190
11908
1191
11914
11928
1193
1194
11941
11945
1195
11952
1196
11964
1197
11972
11975
11976
11977
11979
11980
11981
11982
11989
11990
11992
11993
1200
12002
12006
12009
1202
12021
12023
12024
12026
12028
12030
12031
12034
12037
1204
12042
12044
12047
1205
12057
12058
1206
12060
12063
1207
12071
12072
12073
12075
12076
12077
12080
12081
12083
12084
12085
12086
12099
1210
12103
12109
12111
12125
12129
1213
12132
12133
12134
12145
1215
12153
1216
12160
12163
12165
1217
12172
12176
12178
12179
12180
12192
12193
12196
12197
12199
12201
12205
12206
1221
12211
12216
12233
12237
12238
1224
12241
12243
12248
12252
12254
12256
12259
1226
12260
12263
12265
12268
12269
1227
12270
12272
12274
12278
12282
12285
12286
1229
12290
12292
12296
12297
12298
1230
12300
12301
12304
12306
12309
12311
12314
12317
1232
12320
12322
12323
12325
12328
12329
12332
12334
12335
12336
12337
1234
12340
12342
12344
12345
12347
12351
12352
12353
12359
1236
12365
12368
1237
12371
12373
12375
1238
12384
12385
1239
12394
12395
12397
12399
124
12400
12401
12402
12403
12405
12406
12407
12408
1241
12410
12412
12413
12415
12416
12419
12425
1243
1245
12451
12453
12454
12455
12456
12457
1246
12469
1247
12476
1248
12486
12488
12493
12494
12495
12497
12498
1250
12500
12501
12506
12507
1251
1252
12521
12523
12524
12525
1253
12535
1254
12545
1255
12558
12559
1256
12560
12563
12566
1257
12573
12574
12578
12579
1258
12581
1259
12590
1260
1261
12614
12615
12616
12618
12619
1262
12620
12623
12626
12628
12629
1263
1264
12641
12642
12643
12644
12646
12647
1265
12650
12655
12656
1266
12660
12662
12665
12666
12668
12669
1267
12675
12685
12687
1269
12692
12709
1271
12710
12711
12714
1272
12727
12734
12739
1274
12740
12741
12749
1275
12753
1277
12770
1278
12783
12791
1280
12802
12813
12814
1282
12820
12821
12826
1283
12844
1285
12852
12854
12857
12858
12863
12864
12865
12866
12867
12868
1287
12870
12875
12878
1288
12882
12883
1289
12890
12893
12897
1290
12909
1291
12910
12912
12914
12915
12916
12919
1292
12921
12922
12928
12931
12933
12934
12937
12939
1294
12943
12947
12949
12950
12951
12953
12955
12958
12959
1296
12961
12962
12972
12974
1298
12986
1299
12999
13003
1301
13010
13018
1302
13023
13026
13027
13028
1303
1304
13042
13043
1305
13052
13054
13058
13062
13065
13066
13068
13069
1307
13076
13077
1308
13085
13095
13096
13097
13099
1310
13104
13105
13106
13108
13109
13114
13115
13116
1312
13123
13125
13129
1313
13130
13132
13133
13137
1314
13141
13144
13147
13149
1315
13151
13153
13156
13160
13163
13164
13167
1317
13173
13174
13176
1318
13181
13182
13183
13189
1319
13191
13193
13197
1320
13202
13216
13217
13219
1323
13234
13236
13241
13244
13246
13247
13248
1325
13251
13252
13253
13254
13256
1326
13261
13266
13271
13277
13283
13284
13285
13286
13288
1329
13291
13296
13298
1330
13301
13306
13308
13313
13314
13320
13322
13324
13325
13326
13328
1333
13332
13334
13337
13338
13339
1334
13345
1335
13352
13353
13359
13363
1337
13372
13375
13393
13397
13415
13416
13421
13426
13430
13434
13436
1344
13444
1345
13451
1346
13462
13463
13465
1347
13474
13476
13478
13482
13490
13498
13499
1350
13502
13504
13507
1351
13514
13520
13524
13528
13529
1353
13531
13535
13543
1355
13551
13556
13560
13561
13562
13563
13564
13567
1357
1358
13580
13581
13582
13583
13587
13589
13591
13592
13593
13599
1360
13600
13608
13613
13615
13616
13619
13622
13623
13626
13628
13629
13634
13637
13646
13650
13652
1366
13663
13672
13674
13678
13682
1369
13693
1370
13703
13706
13709
13716
13720
13726
13735
13737
13738
13739
1374
13741
13745
13746
13747
1375
13753
13755
13756
1376
13767
13769
13770
13778
13780
13782
13785
13786
13787
13789
13792
13793
13796
13799
1380
13803
13805
13808
13812
13814
13817
13818
1382
13821
13826
13828
1383
13835
13841
13842
13852
13857
13858
1386
13869
13876
13877
13879
1388
13880
13882
1389
13893
13894
1390
13902
13905
13907
13908
13909
1391
13910
13918
13919
1392
13921
13925
13927
13932
13935
13938
13939
1394
13940
13946
13949
1395
13951
13952
1396
13963
13966
13968
13970
13972
13973
13980
1399
13991
13994
13998
140
14001
14004
14006
14009
1401
1402
14024
14025
14026
1403
1404
14042
14044
14046
14049
1405
14054
14055
14057
14058
14059
14060
14063
14065
14067
14069
1407
14079
1408
14084
14085
1409
14092
14093
14095
14097
14102
14108
1411
14112
14115
14117
1412
14120
14121
14122
14124
14128
14134
14137
14139
14146
1415
14153
14156
14158
1416
14162
14163
14164
14165
14166
14168
14169
1417
14170
14172
14175
14176
14177
14178
14182
14185
14186
1419
14192
14198
1420
14205
14206
14208
1421
14210
14213
14216
14217
14224
14229
14232
14235
14236
14237
14239
1424
14246
14253
14258
14262
1427
14272
14278
1428
14282
14284
1429
14292
14295
1430
1431
14310
14314
14322
14323
14327
1433
14333
14338
1434
14340
14346
14347
14348
1435
14351
14353
14354
14359
14360
14364
14365
1437
14374
14377
1438
14385
14393
14394
14395
14407
1441
14418
1442
14422
14423
14424
14429
1443
14433
14434
1444
14441
14442
14445
14447
1445
14450
14452
14455
14457
14461
14466
14467
14468
14470
14472
14474
14475
14477
1448
14480
14481
14484
14485
14486
14495
14496
14497
14504
14505
1451
14515
14518
1453
14530
14534
14539
14541
14546
14547
14549
14550
14553
14558
1456
14566
14567
14568
14570
14572
14582
14583
14589
1459
14591
14593
14603
14604
14605
14606
14607
1461
14617
1462
14620
14622
14623
14624
14626
14628
1463
14633
14634
14636
14637
1464
14642
14644
14645
14646
14647
1465
14658
14659
1466
14660
14666
14669
1467
1468
14683
14687
1469
14693
14694
14696
14697
1470
14702
14704
14706
14708
14713
14714
1472
14722
14725
14728
1473
14730
14732
14733
14734
1474
14747
14748
1475
14751
14759
1476
14760
14761
14768
14769
1477
14775
14777
1478
14785
14786
14787
14788
14791
14793
14795
14797
14798
1480
14802
14803
14804
14805
14809
14810
14812
14813
14814
14817
14819
14823
14825
14828
1483
14832
14833
14839
1484
14840
14841
14845
14847
14849
1485
14852
14859
14860
14861
14867
14877
1488
14881
14884
14885
14887
14888
14892
14893
14896
14897
14899
1490
14901
14903
14906
14914
14917
14919
14920
14929
14933
14935
14936
14937
14939
14940
14942
14945
14950
14955
14963
14964
14966
14968
14970
14972
14973
1498
14982
14985
1499
14991
14995
14999
1500
15000
15002
15003
15008
15009
15012
15014
15015
15016
15017
1502
15022
15025
1503
15032
15033
15034
15035
15040
15043
15044
15045
15046
15047
1506
1507
15073
15080
15083
15096
1510
15102
15106
1511
15113
15119
15122
15125
15126
15127
15128
15136
15137
15138
15139
1514
15140
15142
15143
15145
15148
15156
1516
15175
15176
15182
15185
15188
15191
15197
1520
15200
15201
15206
15207
1521
15211
15217
15222
15227
1523
15239
15242
15244
15248
15249
1525
1526
15261
1527
1528
15280
15281
15282
15284
15285
15287
15289
15292
15293
15297
1530
15301
15304
15307
15309
15318
15320
15324
15325
15327
15329
1533
15332
15338
15339
1534
15340
15341
15343
15345
15348
15349
1535
15357
15359
15362
15363
1537
1538
15382
15385
15386
15387
15388
15389
1539
15396
15397
15398
15399
15400
15401
15404
15408
15409
1541
15410
15411
15414
15415
15418
1542
15426
15427
15428
15432
15438
1544
15441
15442
15443
15444
15445
15446
15449
1545
15452
15455
1546
15467
1547
1548
15485
1550
1551
15512
15515
15516
15517
15520
15526
15527
15531
15535
15536
15539
15543
15544
15545
15546
15547
1555
15552
15555
15557
1556
15560
15561
15565
15567
15568
1557
15570
15574
15578
15579
15595
15596
15598
1560
15601
15605
15606
15607
15613
15616
15617
1562
15622
15624
15625
15627
15628
15631
15635
1564
15642
15643
15648
1565
15653
15654
15655
15656
15657
15659
15660
15663
15667
15668
15669
1567
15675
15679
15682
15684
15689
15690
15691
15693
15708
1571
15710
15711
15716
15718
15721
15723
15727
15728
15729
1573
15734
15735
1574
15740
15742
15743
15746
1575
15750
1576
1577
15775
15776
1578
15787
15788
15795
15798
1580
15801
1581
15812
1582
15820
15823
15825
15826
1583
15830
15831
15832
15833
1584
15849
15854
15858
15859
15870
15886
1589
15891
15895
15899
1590
15903
15907
1591
15912
15913
15923
15924
15928
15930
15931
15937
15938
15939
15940
15941
15943
15945
15948
15951
15952
15953
15958
1596
15962
15964
1597
15974
15978
15979
1598
15981
15983
15984
15985
15990
15991
15994
15998
15999
1600
16000
16006
16011
16013
16018
1602
16020
16021
16025
16029
1603
16031
16034
16037
1604
16045
16049
16050
16051
16052
16053
16057
16062
16065
16072
16076
16078
1608
16081
16088
16089
1609
16090
16097
16098
1610
16101
16107
16109
16111
16115
16126
16134
16145
1615
16159
16160
16163
1617
16172
1618
16182
1619
1620
16209
16212
16220
16228
1623
16231
16234
1624
16244
16245
16247
1625
16251
16252
16261
16266
16271
16273
16276
16280
1629
16301
16309
1631
16315
16316
16317
16318
1632
16323
16324
16327
16331
16332
16338
16343
16349
16357
1636
16365
16366
16371
16372
16374
16377
16378
16381
1639
16397
16400
16404
16405
16408
1641
16416
1642
16421
16435
16436
16438
1644
16443
16444
16449
16450
16452
16454
16459
1646
16461
16464
16465
16472
16477
16478
16479
16481
16488
1649
16492
16499
1650
16500
16506
16507
16508
16509
16510
16512
16513
16515
16516
16517
16519
16520
16523
16527
1653
16535
16537
16538
1654
16540
16542
16545
1655
16550
16553
16559
1656
16564
16565
1657
16574
16577
16579
1658
16582
16584
16585
16586
16587
16588
1659
16590
16591
16596
16598
1660
16600
16601
16602
16603
16604
16605
16608
16609
1661
16612
16613
16615
1662
16621
16623
16624
16627
1663
16630
16639
1664
16644
16645
16649
16651
16654
16657
16658
16661
16662
16663
16665
16666
16671
16677
16678
16684
1669
16695
16698
16699
16700
16701
16705
16707
16716
16718
16720
16721
16722
16728
16729
1673
16730
16731
16732
16733
16735
16737
16739
1674
16740
16741
16743
16745
16746
16747
16748
16759
16761
16763
16764
16774
16778
16779
1678
16781
16784
16789
1679
16792
16796
16798
16799
16802
16803
1681
16810
16815
1682
16820
16825
16826
16827
1683
16833
16834
16836
16839
1684
16840
16842
16844
16845
16848
16849
1685
16850
16851
16852
16853
16854
16857
1686
16861
16864
16868
16875
16876
1688
16887
1689
16891
16892
16898
16901
16902
16904
16906
16907
16909
1691
16912
16914
16915
1692
16920
16924
1693
16941
16948
16951
16956
16968
16969
1697
16970
16972
16973
16974
16975
16977
16978
16979
16980
16981
16982
16983
16985
16987
16989
16990
16999
17005
1701
17011
17012
17015
17018
17019
17021
17025
17027
17028
17030
17033
17037
17038
1704
17044
17045
17049
17051
17053
17054
17056
17057
17058
17059
17067
17078
17082
17089
1709
17090
17093
17097
17098
17104
17105
17107
17109
1711
17110
17113
17121
17123
17124
17126
17127
17131
17139
17140
17144
17148
1715
17155
17159
17161
17166
17167
17168
17169
17173
17175
17176
17179
17181
17182
17183
17185
17188
17191
17203
17204
17206
17209
17211
17214
17215
17218
17219
1722
17221
17222
17223
17224
17226
17227
17229
1723
17230
17231
17234
17236
17237
17238
17239
1724
17240
17246
17249
17257
17258
17259
1726
17262
17265
17272
17273
17275
17276
1728
17283
17284
17285
17286
17289
17290
17292
17293
17294
17297
17298
173
1730
17306
17315
17317
1732
17321
17324
17326
17327
17329
17335
17340
17343
17344
17345
17347
17348
1735
17351
17354
17357
1736
17362
17366
17369
17374
1738
17382
17383
17384
17387
17394
17395
1740
17400
17403
1741
17410
17414
17415
1742
17421
17422
17424
17426
17428
17429
1743
17430
17432
17433
17435
17438
17439
1744
17440
17442
17443
17444
17446
17449
1745
17452
17457
17459
1746
17460
17462
17464
17466
17467
17469
1747
17488
17492
17496
17498
175
17502
17503
17504
17505
17506
17524
1753
17532
17535
17541
17551
17554
17556
17559
1756
17561
17564
1757
17571
17572
17574
17575
17576
17579
1758
17581
17583
17586
17587
1759
17590
17592
17598
1760
17601
17609
1761
17611
17617
1762
17620
17621
17626
17627
17628
1763
17633
17639
17648
1765
17650
17652
17653
17654
17658
17667
17668
17671
17674
1768
17684
17685
17688
17690
17691
17694
17697
17699
177
1770
17704
17706
17709
17714
17715
17717
1772
17724
17725
17726
17728
1773
17732
17733
17734
1774
17741
17743
17744
17748
1775
17750
17754
17756
1776
17766
17769
17788
1779
17791
17796
17799
1780
17803
17804
17816
17821
17824
17826
1783
17832
17844
1785
17853
17859
17863
17867
17868
1787
17870
17873
17875
17878
1788
17880
1789
17893
17894
17896
17898
17899
1790
17902
17918
17919
1792
17920
17927
17934
17936
1794
17940
17942
17948
17949
1795
17950
17951
17952
17955
17957
1796
17962
1797
17971
17983
17986
1799
17991
17993
17998
18005
18014
18016
18023
18026
1803
18036
18045
18046
18047
18049
1805
18057
1806
18065
18069
1807
18082
18083
18088
1809
18092
18094
18095
18099
1810
18106
18107
18111
18112
18114
18116
18126
18132
18133
18135
18136
1814
18141
18147
1815
18157
1816
18160
18161
18164
18165
18166
18168
18172
18174
18175
18176
18177
1818
18181
18196
18204
1821
18210
1822
18222
18224
18225
18227
1823
18230
1825
18253
1826
18261
18262
18263
18266
18270
18287
1829
18296
18316
18318
18319
1832
18325
18328
18329
1833
18331
18333
18334
18337
1834
18341
18342
18343
18345
18346
18347
18349
18350
18351
18352
18357
18362
18363
18365
18366
18367
1837
18371
18372
18373
18375
18379
1838
18380
18381
18382
18384
18385
18387
18390
18391
18395
18396
18397
1840
18400
18401
18402
18405
18409
1841
18410
18412
18416
18418
1842
18430
18439
18440
18443
18446
18447
18450
18451
18453
18454
18457
18465
18468
1847
18470
18474
18475
1848
18481
18484
18485
18493
18494
18495
18496
18499
1850
18500
18501
18504
18505
18513
18517
18518
18519
1852
18520
18521
18523
18524
18526
18528
1853
18532
18533
18534
18535
18541
18543
18547
1855
18550
18551
18554
18557
18558
1856
18563
18564
18569
18571
18572
1858
18581
18582
18583
18586
18587
18589
18593
18595
18597
18598
186
1860
18600
18602
18606
18607
18608
18613
18614
18615
1862
18623
18624
18625
18628
18630
18638
1864
18640
18641
18642
18648
1865
18651
18652
18656
18657
1866
18662
18663
18665
18668
1867
18671
18672
18673
18674
18675
1868
18681
18682
18689
1869
1870
18701
18707
18709
18717
18718
18719
1872
18720
18722
18723
18724
18727
18728
1873
1874
18742
1875
18754
18759
1876
18761
18762
18767
1877
18774
18775
1878
18781
18783
18788
18790
18799
1880
18801
18802
18803
18804
18806
18807
18813
18818
18819
1882
18822
18827
18828
18829
1883
18830
18831
18835
18837
18838
1884
18843
18852
18854
18857
18858
1886
18861
18862
1887
18876
1888
18880
18882
18887
18889
1889
18891
18894
18895
18896
18897
18901
18903
18908
18909
18919
18927
18930
18931
18932
18935
18937
1894
18957
1896
18964
1897
18971
18974
18977
1898
18985
18990
1900
19005
19008
19009
19010
19011
19012
19013
19014
19017
19018
1902
19022
19023
19026
19030
19033
19035
19037
19038
1904
19040
19042
19046
19048
19051
19058
19059
1906
19070
19079
1908
19087
19090
19091
19093
19100
19101
19102
19103
19112
19117
19118
1912
19123
19126
19127
1913
19131
19132
19133
19136
19138
19139
1914
19140
19141
19143
19144
19145
19147
1915
19152
19153
19155
19156
1916
19168
19169
1917
19172
19173
19174
19176
19178
1918
19183
19192
19194
1920
19207
19209
19212
19213
19215
19217
19218
19228
1923
19230
19231
19233
19235
1924
19241
19247
19249
19258
19259
1926
19263
19264
19265
19268
19271
19276
1928
19281
19283
1929
19295
19298
19299
19300
19302
19303
19304
19305
19306
19307
19308
19310
19311
19312
19314
19317
1932
19324
1933
19332
19334
19344
19348
19351
19353
19354
19355
19359
1936
19360
19361
19362
19369
1937
19372
19375
19376
19382
19384
1939
19392
19393
19396
19398
19407
19410
19415
19416
19417
19424
1943
19431
19432
19433
19435
19438
19439
1944
19440
19444
19446
19448
19450
19452
1946
19463
19464
19465
1947
19471
19474
19477
1948
19483
19484
19485
19486
1949
19493
19496
19497
1950
19501
19503
19504
19505
19510
19511
19518
19519
1952
19520
19521
1954
19541
1955
19552
19554
1956
19567
19571
19572
19573
19574
19575
19583
19584
19587
1959
19590
19593
19595
19598
19599
1960
19601
19603
19604
19605
1961
19610
19611
19612
19614
19617
1962
19626
19628
19629
1963
19631
19633
19636
1964
19641
19642
19647
19650
19652
19660
19667
19670
19671
19673
19674
19680
19681
19684
19685
19686
19688
19689
19692
19693
19698
197
19701
19702
1971
19715
19718
19719
1972
19721
19723
19726
19734
19735
19736
19737
1974
19743
19744
19747
1975
19750
19752
19757
1976
19761
19765
19768
19770
19772
19773
19774
1978
19781
19782
19788
19789
1979
19793
19794
19798
1980
19801
19805
1981
19811
19823
19825
1983
19830
19832
19833
19838
19839
19842
19843
19844
19845
1985
19850
19859
19861
19862
19863
19864
19868
19880
19883
19886
1989
19896
1990
19900
19902
19905
19906
19907
19909
19911
19912
19918
19920
19942
19944
19948
1995
19950
19956
19957
19963
19967
1997
19971
19972
19977
19984
19986
19987
19989
1999
19993
19994
2000
20004
20007
20008
2001
20010
20015
2002
20024
20026
20045
20047
2005
20050
20052
20053
20054
20056
20059
2006
20061
20065
20066
20069
20070
20071
20072
20073
2008
20080
20084
2009
20097
2010
20114
20115
20116
20117
20118
2012
20126
20127
2013
20130
20134
20137
20138
2014
20141
20142
20145
20146
20147
2015
20151
20152
20154
20155
20157
20158
20159
2016
20162
20167
2017
20181
20184
20185
20188
2019
20199
20204
20208
20218
20219
2022
20221
20228
2023
20236
20238
2024
20241
20245
20247
2025
20250
20252
20253
20254
20255
20258
20259
20262
20267
20268
20270
20271
20277
2028
20280
20281
20282
20283
20284
20288
20293
20296
20306
20308
20309
2031
20310
20314
2032
20322
20328
2033
20331
20333
20334
2034
20347
20348
2035
20350
20359
2036
20360
20364
20366
20367
20377
2038
20381
20387
20392
20393
20395
20396
20404
20406
20412
20414
20417
2042
20430
20431
20432
2044
20449
2045
20455
20456
20460
20462
20469
20479
20480
20481
20482
20483
20489
20493
20496
20498
20499
2050
20500
20504
20505
20508
20509
20513
20519
20522
20524
20529
20530
20531
20532
20535
20537
20538
20539
2054
20546
20547
20549
2055
20552
20553
20556
20557
20562
20564
20568
2057
20571
20572
20574
20575
20579
2059
20590
20594
20596
20597
20599
20604
20618
20621
20629
20632
20637
20638
20639
2064
20641
20642
20643
20644
20645
20646
20648
20649
2065
20650
20651
20656
20658
2066
20662
20664
20665
20666
20667
2067
20673
20674
20676
20681
20687
20689
2069
20697
20698
20703
20704
20709
20710
20714
20715
20716
20721
20738
20739
2074
20742
20743
20746
20747
20748
20751
20754
20755
20757
2076
20762
20764
20767
20768
20769
20771
20773
20775
2078
20783
20786
20787
2079
20791
20793
20796
2080
20800
20807
20809
20810
20813
20818
20822
20824
20826
2083
20832
2084
2085
20850
20858
2086
20863
20864
20866
20873
20882
20888
2089
20894
20896
20897
20902
20903
20904
20905
2091
20911
20915
20917
20918
20932
20934
20936
20937
2094
20941
20943
20949
20954
2096
20960
20964
20967
20978
2098
20983
20985
20986
20989
2099
20991
2100
21001
21003
21005
21006
21009
21010
21017
21020
21021
21023
21026
21028
21030
2104
21040
21044
21046
21054
21058
21059
21063
21064
21067
21068
21069
2107
21072
21073
21074
2108
21082
21083
21085
2109
21095
21102
21106
21108
21109
21110
21113
21114
21115
21117
21118
21122
21123
21124
21129
2113
21130
21133
21139
2114
21142
21145
21146
21148
2115
21155
21156
21158
21159
21160
21161
2117
21177
2118
21182
21189
21191
21192
21193
21197
21198
2120
21200
21202
21204
21205
21206
21207
21209
21210
21212
21213
21214
21215
21217
21219
2123
21234
21237
21241
21242
21245
21246
21249
2125
21251
21259
21261
21262
21268
21269
21276
21279
21294
2130
21302
21304
2131
21310
21311
21312
21315
21317
21327
21329
2133
21331
21332
21336
21338
2134
21343
2136
21367
21382
21385
21387
21388
21393
2140
21402
21403
21405
21408
21410
21412
21413
21419
21420
21422
21424
21425
21429
2143
21432
2144
21442
21444
21446
2145
21451
2146
21463
21465
2147
21478
21479
2148
21481
21484
21485
21494
2150
21502
21503
21511
21528
21535
21540
21543
2155
21553
2156
21560
21564
21569
21571
21574
21576
21578
21579
2158
21582
21583
21586
21589
2160
21606
21607
21608
21612
21619
2162
21621
21623
2163
21633
21635
21637
21638
21639
21642
21646
21658
21660
21662
21663
21666
21667
21668
21669
2167
21670
21671
21672
21678
21680
21681
21684
21685
21692
2170
21708
21709
2171
21716
21727
21728
2173
21732
21736
21739
2174
21740
21742
21747
2175
21751
21757
21767
2177
21771
21774
21777
21796
2180
21800
21802
21809
21811
21814
21817
21818
21820
21828
21829
21830
21832
21833
21835
21838
2184
21844
2185
21856
21857
21877
21878
2188
21882
21884
21891
21892
21893
21896
2190
21906
21907
21909
2191
21910
21914
21915
21916
2192
21920
21927
21929
2193
21934
21935
21936
21940
21941
21942
21943
21944
21946
2195
21950
21952
21956
21959
2196
21961
21962
21963
21969
2197
21972
21975
21977
2198
22001
22010
22011
22016
22023
22027
22034
22035
22040
22045
2206
22071
22075
22077
22081
22087
2209
22096
22099
221
2210
22104
22106
22107
2211
22116
22117
22119
22126
22131
22134
22136
22137
22139
2214
22140
22147
22149
2215
22151
22152
22156
22159
22160
2218
22181
22185
22187
22188
2219
22190
22192
22193
22194
22195
22199
2220
22203
22207
2221
22211
22212
22214
2222
22224
22228
22229
2223
22233
22239
22245
22248
22249
22252
22256
22259
2226
22269
2227
22275
22276
22278
22289
2229
22292
2230
22300
2231
22314
22315
22319
2232
22333
2234
22348
2235
22351
22352
22353
22355
22356
22357
2236
22361
22365
22367
22368
2237
22377
2238
22389
22393
22403
22404
22410
22423
22424
22430
22432
22433
22435
22436
22437
22438
22443
2245
22453
22455
22457
2246
22461
22462
22466
22467
2247
22478
22482
22484
2249
22491
22495
2250
2251
22516
22517
22518
2252
22525
2253
22534
22539
2254
22541
22542
22544
2255
2256
22564
22565
22566
22568
2257
22571
22572
22573
22575
22579
2258
22581
22582
22585
22586
2259
22592
22593
22597
22599
2260
22611
22612
22618
22625
22629
22631
22633
22635
22637
2264
22640
22642
22644
22646
22647
22648
22649
22651
22652
22653
22655
22656
22657
2266
22660
22666
22671
22676
22677
22678
22679
22680
22681
22682
22683
22686
22687
2269
22692
2270
22704
22705
22710
22716
2272
22720
22724
22725
22727
2273
22730
22733
22734
22736
22738
2274
22740
22741
22743
22744
22746
22747
22748
2275
22750
22751
22752
22753
22755
22758
22759
2276
22762
22763
22766
22768
22769
2277
22770
22771
22772
22775
22776
22778
22788
2279
2280
22807
22809
2281
22816
2282
22828
2283
22833
22836
2284
22841
22844
22851
22852
22853
22854
22858
2286
22860
22861
22862
22865
22867
2287
22873
22874
2288
22880
22882
22885
22886
2289
22891
22894
22905
22908
22909
2291
22911
22923
22925
22928
2293
22932
22934
22942
22946
22948
22949
2296
2297
22971
22974
22975
22977
22978
22983
22984
22986
22987
2299
22990
22994
22995
22997
2300
23005
23006
2301
2302
23029
2303
23039
2304
23046
2305
23050
23051
23058
23059
23061
23062
23064
23065
23066
23068
2307
23074
23075
23076
23079
2308
23081
23085
23088
23089
2309
23093
23098
23100
23107
23108
23113
23117
23119
2312
23124
23125
23126
23130
23131
23132
23135
23136
23141
23142
23145
23146
2315
23150
23151
23169
23172
23178
2318
23183
23190
23193
23199
2320
23205
23209
2321
23211
23214
23218
23220
23223
23228
23229
23235
23238
23240
23241
23244
23246
23255
23258
23263
23269
23274
23275
23278
23285
2329
23295
23297
2330
23302
23304
23309
23316
2332
2333
23334
23340
23344
23345
23348
2335
23351
23354
23355
23361
23370
23379
2338
23380
23387
23388
2339
23390
23391
23392
23409
2341
23410
23412
23413
23414
23418
23421
23424
23427
23428
23429
2343
23430
23431
23433
23434
23436
23440
23442
23443
2345
23453
23459
23467
23473
23474
23477
23480
23485
23487
2349
23490
23492
23493
23496
23500
2351
23511
23512
23515
23516
23517
23520
23521
23522
23526
23527
23528
23529
2353
23530
23533
23534
23537
2354
23540
23542
23544
23547
23549
2355
23553
23556
23557
23559
2356
23560
23561
23564
23565
2357
23570
23574
23575
23577
23588
2359
23592
23596
23600
23606
23615
23616
2362
23621
23626
23636
23637
2364
2365
23651
23652
23653
23655
23659
23660
23663
23664
23667
23669
23670
23672
23675
23676
23677
23678
2368
23680
23681
23682
23685
23689
23691
23695
23696
2370
23704
23706
23708
23709
23713
23718
23719
2372
23721
23722
23725
23728
23729
23733
23737
23740
23741
23742
23743
23748
23752
23758
23759
2376
23765
23767
23768
23771
23774
23775
23776
2378
23780
23781
23783
23785
23788
23790
23791
23794
23798
23799
2380
23800
23803
23806
2381
2382
23824
23825
23831
23834
23836
23838
23840
23841
23844
23845
23847
23852
23856
23857
2386
23860
23864
23867
23868
23869
2387
23870
23871
23872
23873
23876
23877
2388
23888
23890
23892
23898
2390
23900
23908
23910
23913
23914
23916
23919
23924
23926
23927
23928
23929
2393
23931
23934
23937
2394
23944
23948
23951
23952
23953
23957
23959
2396
23963
23964
2397
23976
23977
23979
23981
23983
23984
23988
2399
23991
23992
23993
23994
23997
23999
2400
24000
24002
24011
24013
24015
24019
2402
24021
24022
24028
2403
24030
24032
24033
24034
24038
2404
24040
24041
24043
24044
24046
24048
2405
24050
24053
24054
24055
2406
24062
24063
24065
24066
24068
24072
24073
24075
24076
2408
24080
24082
24085
2409
24095
2410
24101
24112
24114
24115
24116
24118
24119
2412
24120
24122
24126
2413
24134
2414
24141
24144
24145
24147
24149
24150
24154
24160
2417
24172
24174
24175
24177
2418
24187
24188
24189
2419
24193
2420
24206
24209
2421
24213
24214
24216
24219
24221
24222
24224
24225
24226
2423
2424
24246
24249
2425
24251
2426
24260
24261
24263
24265
24266
24267
24268
2427
24270
24271
24272
24273
24279
2428
24287
24288
24289
2429
24290
24295
24296
24298
2430
24300
24303
24306
24307
24308
2431
24310
24311
24312
24313
24315
24316
2432
24329
2433
24333
24337
24340
24341
24344
24350
24354
24363
24365
24369
2437
24371
24376
24377
24378
24379
2438
2439
24399
2440
24400
24401
24415
24419
2442
24420
24425
24429
24432
24433
24434
24435
24446
2445
24453
24458
24459
2446
24464
24466
24467
24468
2447
24471
24472
24475
2448
24483
24485
24488
2449
24490
24491
24495
24496
24497
24498
24499
2450
24500
24501
24503
24504
24506
24509
2451
24510
24511
24514
24516
24519
2452
24523
24525
2453
24533
24536
24537
2454
24540
24541
24542
24543
24545
24546
24553
24554
24559
2456
24560
24566
24568
24577
24580
24583
24584
24586
24587
2459
24606
24608
24611
24622
24623
24624
24628
24629
2463
24630
24633
24634
24636
24638
2464
24647
24649
24650
24659
24664
24665
24669
2467
24671
24672
24674
24675
24678
2468
24682
24685
24686
24687
24688
2469
24690
24691
24692
2470
24702
24703
24706
24708
24709
2471
24711
24715
24717
24719
24720
24723
24725
24728
2473
24730
24733
24740
24744
24747
2475
24750
24756
24766
24768
24769
2477
24770
24776
24781
24782
24783
24786
24788
2479
24792
24794
24795
24797
2480
24803
24806
24807
24808
24810
24811
24815
24816
24817
24818
24819
2482
24821
24825
24829
24830
24831
24832
24833
24837
24838
24840
24842
2485
24854
24857
24862
24863
24864
24866
24867
24868
24869
24870
24871
24872
24875
24876
24877
24878
24879
24880
24881
24882
24883
24885
24888
24889
24893
2490
24907
24908
2491
24912
24915
24918
24919
24921
24929
2493
24936
2495
24951
24959
24960
24962
24963
24966
2497
24970
24971
24973
24975
24976
2498
24981
24982
24983
24985
24989
2499
24990
24993
24994
24997
24998
2500
25001
25003
25027
2503
25033
25041
25042
25045
2505
25050
25058
2506
25066
25069
2507
25070
25075
25079
2508
25084
25086
25088
25089
25090
25095
251
2510
25101
25102
2512
25129
2513
25130
25131
25132
25134
25135
25136
25139
25141
25143
25147
25148
2515
25150
25155
25156
25158
25159
25163
25164
25165
25166
25167
2517
25174
25175
25177
25185
25188
25189
2519
25197
25198
2520
25200
2521
25215
25219
2522
25220
25224
25228
25230
25233
25234
25239
2524
25240
25243
25245
25246
25247
2525
25250
25251
25253
25255
25269
25272
25274
25283
25285
25292
25293
25294
25296
2530
25304
25306
25309
25310
25311
25312
2532
25326
25327
25328
2533
25331
25333
25337
25338
2534
25340
25346
25348
2535
25351
25352
25355
2536
25364
25367
25368
2537
25370
25371
25372
25373
25374
25375
25376
25377
25379
25383
25385
25386
25387
25388
25394
25395
2540
25401
25402
25403
25404
25407
2541
25410
25416
25419
2542
25421
25423
25425
25426
2543
25433
2544
25445
2545
25453
25454
25455
25457
25460
25462
25463
25464
25467
25468
2547
25472
25473
25475
2548
25480
25481
25482
25487
25491
25492
25493
25494
25496
25497
25498
25505
25508
25509
2551
25516
25517
2552
25521
25523
25528
2553
25539
2554
2555
25562
2557
25577
25579
25583
25585
25587
25588
2559
25590
25592
25596
25597
25598
2560
25601
25603
25605
25607
25609
2561
25617
25618
25624
25626
25627
25632
25634
25637
2564
25642
25644
25649
25666
25669
2567
25671
25674
25676
25677
2568
25682
2569
25694
25697
25698
2570
25704
25705
25707
25709
2571
25714
25718
2572
25722
25724
25727
25731
25735
25737
25738
25740
25741
25743
25744
25745
25746
25752
25753
25757
2576
25765
25766
25768
25771
25772
25774
25775
25776
2578
25781
25784
25786
25787
25791
25793
25794
25797
2580
25800
25801
25802
25804
25812
25813
25815
25819
25824
25830
25833
25835
25836
25838
25839
2584
25840
25844
25845
25846
25852
25857
25859
25869
2587
25870
25873
25875
25878
25883
25888
2589
25890
25891
25893
25899
2590
25902
25903
25905
25907
25908
25915
25916
25917
25921
25922
25924
25925
25927
25929
25931
25934
25938
2594
25944
25949
25952
25953
25955
25957
25958
25959
25960
25962
25967
2597
25972
25974
2598
25981
25985
25989
25990
25995
25999
2600
26000
26003
26005
26006
26008
26010
26011
26012
26013
26014
26015
26016
26017
2602
26020
26027
26029
26030
2604
26043
26046
26048
26049
26056
26059
2606
26060
26064
26067
2607
2608
26080
26083
26086
26088
2609
26090
26095
2610
26103
26107
2611
26110
26113
26116
26120
26125
26126
26128
26130
26134
26138
26139
2614
26141
26142
26144
26145
26147
26151
26152
26154
26155
26159
2616
26160
26161
26165
26166
26167
26170
26172
26174
26175
26177
2619
2620
26206
26207
26208
26210
26212
26213
26214
26226
26228
26230
26233
26238
26239
2624
26241
26245
2625
26251
26252
26253
26254
26255
26257
2626
26261
26263
2627
26270
26271
26273
2628
26280
26286
2629
26295
26298
2630
26300
26307
26308
26309
2631
26316
26317
26320
26321
26325
2633
26345
26354
26355
26358
2636
2637
26379
26383
26389
26391
26406
26408
2641
26416
2642
26424
26425
26427
26429
26433
26435
2644
26444
26445
26449
2645
26452
26453
26455
26456
2646
26461
26463
26470
26475
2648
2649
26490
26492
26496
26504
26508
26509
2651
26510
26516
2652
26523
26525
2653
26530
26533
26536
26537
26538
26541
26542
2655
2656
26566
26567
26572
2658
26580
26585
26589
26591
26594
26595
26596
26602
26608
26615
2662
26624
26635
26637
26639
2664
26645
2665
26657
2666
26663
26665
26670
26679
2668
26683
26687
26691
26692
26693
26694
26696
26699
2670
26700
26701
26702
26705
26706
2671
2672
26726
26732
26733
26734
2674
26754
26756
26759
2676
26763
26764
26765
26766
26767
26768
2677
26770
26771
26772
26778
2678
26781
26782
26785
26788
26792
26797
26798
2680
26807
2681
26810
26815
26819
2682
26822
26826
26828
2683
26834
26835
26837
26838
26840
26841
2685
26860
26861
26863
2688
26880
26885
2689
26893
26894
26898
2690
26910
26912
26913
26915
26916
26919
26920
26925
26939
2694
26955
26958
26959
2696
26960
26963
26965
2697
26970
26975
26978
26980
26986
26987
2699
26994
27001
2701
27013
27014
27015
27016
27021
27024
2703
27031
27033
27034
27036
2704
27040
27048
2705
27052
27053
27067
27068
27070
27071
27082
27083
27087
27089
27090
27094
2710
27102
27104
27108
27113
27121
27123
27124
27126
27129
2713
27135
27137
2714
27140
2715
2717
2718
27189
27191
27196
27197
27199
2720
27202
27207
27211
27212
27219
2722
27220
27228
2723
27230
27236
2724
27241
27242
27245
27246
2725
27254
27255
27256
27258
2726
27262
27265
27266
27269
27270
27272
27276
27277
27278
27282
27287
27289
2729
27291
27297
2730
27308
2731
27312
27313
27315
27317
2732
27320
27327
27328
27330
27334
27339
2734
27342
27347
27352
27354
27356
27365
2737
27372
27375
27376
27390
2740
27401
27402
27403
27408
27411
27414
27421
27433
27436
27437
2744
27440
27441
27444
27446
27447
27448
27451
27454
27455
2746
27462
27463
27466
2747
27471
27472
27475
27476
27477
27479
2748
27480
27481
27487
27489
27491
27497
27499
275
2750
27502
27503
27506
27508
2751
27512
27514
27515
27517
27518
27520
27528
27529
27530
27531
27535
27536
27541
27544
27548
27549
2755
27553
27558
27560
27561
27562
27563
27564
27565
27567
27568
27569
2757
27571
27577
2758
27583
27586
27590
27595
27597
2760
27600
27603
27606
27609
27612
27613
27614
27617
27619
2762
27624
27625
27626
27628
27629
2763
27631
27633
27634
27636
27637
27638
2764
27645
27646
27647
27648
27654
27659
27663
27664
27666
2767
27671
2768
27683
2769
27699
2770
27700
27709
2771
27712
27713
27715
2772
27720
2773
27732
27736
2774
27740
27741
27743
27746
27748
27749
2775
2776
27764
27765
27768
27769
2777
27770
27771
27772
27773
27774
2778
27780
27784
27785
27788
27790
27791
27793
27794
27795
27797
27799
2780
27804
27806
27808
27810
27817
27821
27827
27831
27833
2784
27849
2785
27856
2786
27862
27863
27864
27869
2787
27875
2788
27881
27882
27885
27889
27890
27896
27899
27901
27905
27907
27908
27909
2791
27913
27914
27916
27917
2792
27920
27921
27923
27924
27929
27937
2794
27946
27951
27954
27957
27958
27959
27960
27963
27964
27965
27967
27969
2797
27971
27976
27977
27981
2800
28001
28006
2801
28020
28021
28022
28028
2803
28030
28032
28035
28037
28039
2804
28042
28043
28044
28045
28047
28048
2805
28052
28062
28063
28068
28069
2807
28071
28073
28074
28080
28086
2809
28098
2810
28118
2812
28129
28132
28133
28137
28138
2814
28142
28144
28146
28152
28155
28156
28159
28168
2817
28172
28173
2818
28180
28181
28185
28189
28190
28191
28193
28198
282
28202
28208
2821
28213
28214
28220
28224
28226
28229
2823
28230
28231
28232
28235
28239
28240
28242
28244
28251
2826
28269
2827
28270
28272
28273
28274
28277
28278
28279
28280
28281
28283
2829
28292
28294
28296
28298
28300
28304
28308
28309
2831
28311
28312
28316
28317
28318
28319
2832
28321
28323
28325
28328
28329
28330
28333
28334
28336
28339
28342
28344
28346
28348
28350
28355
2836
28361
28363
28365
28367
28368
2837
28370
28371
28374
28378
2838
28381
2839
28394
28406
28408
28409
2841
28412
28417
28418
28420
28421
28422
28427
28430
28437
28439
28444
28448
2845
28451
28457
28458
28459
2846
28460
28461
28464
2847
28475
28476
2848
28482
28483
28484
28488
28490
28496
28497
28498
28500
28501
28502
28508
2851
28516
28519
2852
28524
28525
28527
28528
28529
2853
28530
28532
28533
28534
28535
28536
28538
28539
28540
28541
28544
2855
28551
28555
2856
28564
28566
2857
28572
28580
28583
28584
28585
2859
28591
28599
2860
28607
28611
28613
28615
28619
28621
28622
28625
28626
28628
2863
28632
28638
2864
28643
2865
28651
28653
28654
28659
2866
28660
28661
28662
28666
28668
28672
28673
28678
28681
28682
28683
2869
28696
2870
28707
2871
28710
28711
28712
28715
2872
28722
28723
28726
28727
28730
28731
28732
28736
28738
28742
28748
2875
28751
28752
28757
2876
28764
2877
2878
2879
28793
28794
28795
28797
28799
2880
28800
28807
2881
28810
28814
28815
28816
28819
28825
28826
28827
28828
28829
2883
28834
28836
28837
2884
28841
2885
28852
28859
28860
28866
28871
28874
28876
28878
28879
28880
28883
2889
28891
28896
2890
28904
28917
28921
28926
28928
28931
28932
28934
28940
28941
28942
28943
28945
28946
28949
28950
28952
28957
28964
28965
28966
28976
28980
28982
28986
2899
28991
28994
28996
29001
29002
29008
29012
29013
29016
29018
2902
29023
29024
2903
29033
29036
29037
29041
29043
29044
29045
29047
2905
29051
29052
29053
29055
29056
29060
29065
29072
29076
29077
2908
29088
2909
29092
29099
291
29104
29111
2912
29121
29122
29129
2913
29135
29139
2914
29140
29144
29145
29146
29149
2915
29151
29152
29153
29154
2916
29169
29170
29174
29175
29176
29177
2918
29182
29183
29189
2919
29196
29198
29200
29201
29202
29203
29204
29207
29208
2921
29213
29215
29218
2922
29220
29221
29222
29223
29224
29225
2923
29236
2924
29247
29248
29250
29256
2926
29261
29262
29275
29281
29283
29285
29286
29288
2929
29291
29292
293
2930
29301
29302
29305
2931
29313
29315
29319
2932
29322
2933
29331
29332
29333
29335
29337
2934
29344
29357
2936
29360
29367
2937
29374
2938
29382
29383
29391
29392
29393
29395
29398
29399
2940
29401
29402
29403
29405
29407
29411
29414
29422
29425
29426
29427
29428
29430
29432
29434
29435
29437
29438
2944
29443
29445
29446
29448
29449
29457
29460
29462
29465
29466
29467
29469
29470
2948
29480
29482
29485
29487
29489
2949
29491
29494
29499
2950
29503
29506
2951
29510
29519
2952
29520
29523
29524
29525
2953
29533
29535
2954
29545
29547
2955
29552
29557
29558
2956
29562
29565
29568
29569
2957
29570
29576
29577
2958
2959
29590
29599
2960
29600
29602
29604
29605
2961
29618
29621
29622
29623
29626
29627
29628
29629
29630
29631
29632
29636
2964
29640
29641
29647
29648
29649
2965
29651
29654
29655
29657
2966
29662
29665
29666
29668
29669
29671
29679
29681
29686
29689
29693
29694
29695
29696
29698
2970
29700
29707
29710
29712
2972
29720
2973
29730
29734
29738
29744
29750
29752
29753
29756
29759
2976
29762
2977
29771
29777
29779
29788
29789
2980
29802
29803
29804
29805
29806
29807
29808
29813
29814
29817
2982
29825
29833
29834
29835
29838
29844
2985
29850
29853
29855
29856
29857
29858
29859
2986
29860
29861
29862
29866
29868
29875
29879
2988
2989
29890
29893
29894
29896
29901
29906
29908
29927
29928
29929
29931
29932
29934
29938
2994
29942
29943
29946
2995
29953
29954
29955
29958
2996
29964
29966
2997
29971
29974
29975
29978
2998
29980
29981
29983
29985
29987
2999
29990
29992
30000
30002
30004
3001
30011
30018
3002
30030
30038
30041
30042
30047
30048
3005
30051
30054
30055
30058
30059
3006
30061
30064
30066
3007
30073
30075
30079
30081
30085
30089
3009
30098
30101
30108
30114
30115
30118
30119
3012
30121
30123
30124
30129
3013
30130
30133
30137
3014
30145
30148
30149
3015
30151
30152
30153
30154
30157
30163
30164
30165
30167
3017
30175
30179
30186
30196
30197
30198
30199
3020
30202
30203
30208
3021
30210
30212
30218
3022
30220
30221
30224
30227
30228
30230
30238
30240
30241
30246
3025
30253
30258
3026
30264
30266
30267
30271
30272
30273
30275
30277
3028
30280
30284
30289
3029
30294
30295
30296
30297
30301
30307
30308
30310
30312
30315
30316
30317
30319
3032
30321
30323
30324
30326
30330
30331
30341
3035
30353
30356
30358
3036
30362
3037
30372
30380
30381
3040
30408
30410
30415
30416
30417
30418
30426
3043
30433
30434
30437
30439
3044
30444
30447
30449
3045
30452
30454
30457
30464
30468
3047
30474
30476
30477
3048
30485
30491
30495
30499
3050
3051
30518
30524
3053
3054
30545
30548
3055
30551
30552
30553
30554
30555
30557
30558
30559
30563
30564
30565
30567
3057
30572
30574
30576
30577
30578
30580
30586
30588
3059
30593
306
3060
30600
3061
30611
30613
3062
30621
30622
30628
3063
30634
30637
30638
3064
30641
30646
30648
30656
30663
30664
30665
3067
30674
30675
3068
30686
30687
30690
30692
30695
30696
3070
30704
30714
3072
3073
30733
3074
3075
30760
30762
30763
30766
30767
30774
30776
3078
30780
30787
30788
30799
30802
30804
30807
3082
30825
3083
30830
30831
30839
30843
30850
30852
30853
30857
30859
30861
30862
30867
30868
30871
30877
30878
30879
30883
3089
30891
30898
30899
3090
30904
30915
30916
30931
30932
30935
30939
3094
30943
30945
30946
30948
30949
30950
30952
30961
30963
30965
30968
3097
30975
30976
30978
30984
30988
3099
30997
3100
31000
31002
31004
31005
31006
31011
31012
31016
31018
31019
31023
31024
31025
31029
3103
31034
31036
31038
3104
31042
31045
31047
31049
3105
31053
31059
3107
31072
31076
31077
31078
3108
31080
31083
31084
31085
31086
31093
31097
31098
311
3110
31104
3111
31111
31112
31115
31116
31122
31124
31129
31130
31136
31137
31147
31153
31159
31160
31166
31173
31176
31177
31178
31179
3118
3120
31204
31206
31207
31209
31211
31216
31219
3122
31220
31223
31225
31226
31227
31228
3123
31230
31231
31239
31241
31243
31245
31250
31251
31255
31256
31262
31264
31265
31268
3127
31272
31276
3128
31281
31287
31295
31297
31298
31299
31300
31303
31304
31305
31306
31307
31308
3131
31310
31312
31316
3132
31322
31326
31329
3133
31337
31338
3134
31341
31342
3135
31352
31359
3136
31364
31367
3137
31381
31382
31388
31389
3139
31390
31393
31394
31395
31396
31397
31399
3140
31401
31402
31404
31406
31408
3141
31412
31414
31416
31417
31418
3142
31420
31424
31428
31430
31432
31436
31437
31438
3144
31440
31444
31446
31447
31451
31453
31455
31456
31457
31458
31459
3146
31465
31467
3147
31471
31473
31474
3148
31480
31483
31484
3149
31496
31520
31521
31523
3153
31530
31531
31534
3154
31540
3155
31555
31561
3157
31573
31576
31578
31579
31580
31581
31582
31584
31585
31586
31587
31588
31591
31592
31594
31595
31597
31602
31608
31609
31612
31615
3162
31622
31624
31625
31629
3163
31631
31632
31636
31637
31638
31641
31642
31646
3165
31656
31658
3166
31664
31667
31668
31672
31677
3168
31680
31682
31683
31693
31697
3170
31703
31704
31708
31711
31713
31716
3172
31721
31725
31727
31729
31736
31739
3174
31743
31744
31746
31747
31749
3175
31754
3176
31763
31764
31765
31766
31770
31777
31778
31787
31789
31792
31793
31794
31795
3180
31800
31801
31802
3181
31810
31813
31817
31818
31819
31820
31821
31824
31826
31827
3183
31832
31835
31839
31849
3185
31851
31852
31853
31865
31876
31878
31884
31886
31888
3189
31892
31893
31898
3190
31902
31906
31907
31917
31919
3192
31923
31924
31926
31929
3193
31930
31932
31935
31936
31939
3194
31942
31949
3195
31953
31954
31955
3196
31962
31973
3198
31980
31981
31984
31988
31989
3199
31991
31993
31996
31999
32006
32007
32008
32009
32011
32022
32026
32028
3203
32031
32032
32033
32035
32036
32037
32038
3204
32049
3205
32050
32052
32053
32055
32056
32057
32058
3206
32065
3207
32075
32076
32079
32081
32082
32083
32089
3209
3210
32108
32112
32115
32116
32119
3212
32120
32121
32122
32124
32125
32128
3213
32138
32139
3214
32140
32148
32151
32152
32153
32154
32156
32164
32168
32169
3217
32170
3218
32185
32188
3219
32193
32194
32195
32196
32198
32199
322
32201
32202
32206
3221
32210
32219
32223
32225
32227
32229
3223
32233
32235
3224
3225
32253
32254
3227
32272
32277
32282
32294
32296
3230
3231
32310
32311
3232
3233
32330
32331
32332
32334
32335
32337
32339
32340
32342
32344
32346
32348
3235
32354
3236
32364
32366
3237
32371
32373
32377
32380
32385
32390
32395
32397
32398
3240
32400
32401
32403
32407
32408
32409
32412
32413
32414
32415
32416
32418
3242
32420
32422
32424
32426
32427
32429
32430
32431
32433
32443
32444
32445
32448
32449
3245
32450
32451
32452
32453
32456
32457
32458
32465
32466
32467
32468
32474
32478
32479
3248
32480
32484
32485
32488
3249
32491
3250
32505
32506
32508
32509
32511
32515
32518
32520
32525
32526
32527
32528
32530
32532
32534
32535
32537
32539
32541
32542
32545
32546
32547
3255
32552
32554
32555
32557
32558
32559
32561
32563
32564
32565
32566
32576
32577
3258
32580
32581
32582
32585
32588
32590
32592
32594
32595
32601
32604
32606
32607
3261
32610
32612
32619
32621
32623
3263
32632
32635
32636
32637
32638
32639
3264
32640
32641
3265
32650
32652
32667
3267
32670
32671
32676
32677
32678
3269
32690
32692
32696
32697
3270
32701
32703
32707
32709
32712
32713
32722
32725
32727
32728
3273
32735
32736
3274
32745
32749
32759
3276
32761
32763
32764
3277
32770
32771
32773
32775
32791
32792
32794
32795
3280
32809
32810
32812
32815
32817
32818
3282
32821
32823
32824
32825
32826
32828
32829
32832
32833
32834
32835
32836
32838
32839
3284
32844
3285
32853
3286
32861
32866
32868
3287
32870
32873
32874
32877
32880
32882
32886
3289
32892
32896
32899
3290
32900
32901
32902
32903
32905
32906
32907
32909
32913
32916
32919
3292
32921
32928
3293
32931
32937
3294
32944
32945
32946
3295
32952
32953
32956
32959
3296
32973
32974
32976
32978
32979
3298
32987
3299
32994
32995
32997
330
3300
33000
33002
33007
3301
33012
33015
3302
33024
33027
33028
33029
3303
33030
33031
33032
33033
33034
33038
3304
33041
33042
33048
3305
33057
33059
3306
33060
33064
33070
33077
33093
33096
33099
331
33103
33105
33107
33108
3311
33113
33116
33125
33129
3313
33134
3314
33143
33144
33149
3315
33152
33154
33158
3316
33169
33170
33176
33178
3318
33180
33183
33185
3319
33192
33193
33198
332
3320
33209
3321
33213
33222
33227
33228
3323
33230
3324
33242
33244
33247
3325
33251
33255
33257
3326
33260
33261
33262
33263
33264
33265
33266
33270
33272
33273
33278
33279
3328
33281
33282
33285
33286
33287
33289
3329
33290
33293
33295
33296
33297
33298
333
33300
3331
33316
33317
3332
33320
33321
33323
33324
33328
3333
33330
33337
33338
3334
33341
33347
3335
33357
33359
3336
33365
33366
33367
33369
3337
33372
33378
33381
33383
33386
33387
33388
33389
3339
33393
33394
33397
33398
3342
33427
3343
33434
3344
33441
33447
3345
33450
33451
33452
33456
33459
3346
33466
3347
33472
33473
33474
33479
3349
33490
33491
33494
33499
335
33500
33502
33513
3352
33523
33524
33530
33531
33532
33538
33544
33545
33546
33547
33549
3355
3356
33565
33566
33567
33568
3357
33570
33574
33578
33579
3358
33580
33584
33586
33588
33589
3359
33595
336
33607
33608
33609
3361
33613
33614
33618
33620
33624
33625
33626
33629
3363
33632
3364
33649
3365
33656
33659
3367
33673
33676
33679
33685
33687
3369
33692
33695
33696
33697
33701
33702
33704
33705
33706
33711
33714
33716
33718
33719
33720
33721
33722
33725
33732
33737
33738
33740
33742
33744
33745
33747
33748
33749
33750
33754
33755
33756
33759
33760
33762
33764
3377
33770
33774
33776
33777
33784
33785
33787
33788
3379
33792
33796
33797
33799
338
3380
33803
33805
33807
33809
3381
33810
33811
33817
33818
33820
33821
33828
33829
3383
33830
33832
33834
33836
33837
33838
33839
33840
33841
33842
33844
33846
33850
33852
33853
33857
33858
33859
3386
33861
33863
33864
33865
33866
3387
33870
33874
33876
33877
33878
33879
3388
33880
33881
33883
33885
33886
33888
33889
3389
33890
33892
33893
33895
33896
33897
33898
339
33902
33905
33906
33908
33909
33912
33913
33914
33915
33919
3392
33921
33922
33924
33925
33927
33929
33934
3394
33946
33948
33949
3395
33953
33954
33956
33957
33959
3396
33960
33963
3397
33970
33972
33973
33974
33975
33977
3398
33981
33984
33990
33992
33995
33997
340
3400
34002
34003
34006
3401
34013
34015
34019
3402
34021
34025
34027
3403
34030
34032
34033
34035
34037
3404
34043
34045
3405
34062
34063
34065
34067
34068
3407
34070
34074
34076
34077
34079
34093
34094
34098
34099
341
34103
34104
34110
34112
34113
3412
34120
34125
3413
34131
34132
34138
34140
34145
34147
34149
34156
34158
34162
34169
34171
34173
34174
34175
34176
34177
34179
3418
34180
34183
34184
34187
34189
3419
34197
3420
34203
34206
34207
34208
3423
34231
34234
34235
34236
34238
34247
3425
34257
34259
3426
34265
34267
34269
34271
34272
34273
34277
34278
3428
34280
34283
34285
3429
34295
34299
343
3430
34301
34302
34304
34309
3431
34316
34324
34325
34332
34333
34334
34338
3434
34345
34348
3435
34351
34352
34354
3436
34363
34364
34365
34368
34369
3437
34370
34373
34374
34376
34379
3438
34380
34381
34382
34384
34387
3439
34395
34396
34397
3441
34412
3442
34426
34427
34429
34431
34434
34435
34436
34439
3444
34441
34442
34443
34444
34445
34446
34449
3445
34451
34452
3446
34460
34466
34467
34468
3447
34471
34473
34474
34479
34480
34481
34483
3449
34495
34497
34499
345
34501
34503
34504
3451
34513
34516
34518
34520
34523
34528
34537
34538
34539
34542
34544
34545
34546
34548
34549
3455
34552
34556
34561
34572
34576
34578
34586
34587
3459
34590
34592
34599
3460
34612
34614
34616
34619
3462
34624
34626
34628
3463
34635
34638
34639
34642
34643
34650
34652
34654
34660
34661
34663
34664
34665
34667
34668
34670
34674
34675
34676
34677
34678
34679
34680
34685
3469
34690
34691
34692
34698
34699
347
3470
34701
34702
34703
34705
34706
34707
34710
34711
34713
34714
34726
34738
34740
34741
34742
34743
34747
34749
34751
34752
34759
34760
34761
34762
34766
34767
34768
34769
3477
34770
34771
34773
34775
3478
34782
34786
34787
34788
3479
34796
348
3480
34802
34803
34806
34807
3481
34811
34818
34820
34826
34828
3483
34830
34831
34832
34834
34839
34840
34841
34847
3485
34851
34852
34854
34855
34859
34863
34867
3487
34883
34886
3489
34894
34898
349
3490
34901
34918
34919
3492
34920
34922
34926
34929
3493
34930
34931
34933
34935
34939
34944
34959
34961
34969
34971
34972
34975
34976
3498
34980
34983
34995
350
3500
35015
35017
3502
35030
35039
35042
35057
35066
3507
35074
35084
35085
35088
35089
3509
35091
35093
351
35102
35105
3511
35125
35127
35128
35129
35130
35131
35132
35134
35136
35142
35145
35146
35148
35154
35166
35173
35179
3518
35184
35185
35186
35188
35189
35190
35199
3520
35200
35208
35209
35212
35216
35218
35223
35224
35234
35236
35239
35242
35243
35244
35246
35249
35251
35256
35258
35261
35264
35265
35266
35267
35272
35278
35279
3528
35282
35285
35287
35289
35295
35296
353
3530
35304
35306
35308
3531
35312
35313
35321
35324
35330
35331
35332
35336
35338
35340
35344
35351
35353
35357
35359
35365
35373
35378
35386
35390
35392
35395
35398
35399
354
3540
35401
35403
35404
35405
35408
35409
35411
35412
35418
35424
35425
35427
35429
35430
35431
35436
35437
35439
35440
35441
35443
35444
35448
3545
35453
3546
35462
35473
35477
35479
35484
35485
35487
3549
35494
3551
35514
35515
35520
35521
35523
35524
35525
35532
35535
35538
35540
35545
35547
35548
35555
35559
35560
35562
35563
35566
35567
35571
35576
35579
35581
35582
35583
35584
35587
35589
35590
35598
35600
35601
35602
35605
35606
35609
35615
35626
35628
35634
35637
35643
35645
35647
3565
35650
35654
35655
35656
35657
35659
35660
35662
35663
35664
35666
35669
3567
35671
35673
35675
35676
35679
35682
35686
35687
35694
35696
357
35703
35708
35709
35711
35712
35716
35722
35724
35728
35729
35731
35735
35738
35740
35741
35750
35752
35756
35761
35769
35770
35775
35779
3578
35783
35785
3579
35793
35794
35796
358
35801
35803
35805
3581
35811
35813
35814
35816
35821
35822
35823
35824
35825
35838
35839
35841
35843
35846
35849
35851
35853
35854
35855
35859
35860
35872
35879
3588
35882
35884
35891
35898
35908
35910
35912
35915
35916
35918
3592
35920
35922
35932
35938
35939
35940
35943
35944
35952
35953
35955
35956
3596
35961
35963
35965
35966
35970
35971
35972
35975
35979
35980
35981
35985
35986
35989
35993
35994
35999
360
36002
36003
36014
36016
36018
36022
36025
36026
36036
36037
36039
36044
36045
36048
36049
3605
36050
36053
36054
36062
36065
36066
36069
36072
36074
36078
36079
36083
36084
36086
36088
36092
36094
36095
36096
36097
361
36102
36103
36106
36108
36109
36114
36117
36118
36119
36123
36125
36130
36134
36138
36139
36142
36149
3615
36151
36152
36157
3616
36162
36165
36166
36167
36168
36170
36171
36175
36176
36178
36179
3618
36180
36181
36182
36183
36190
36191
36192
36194
36195
36196
36199
362
36206
3621
36211
36213
36215
36224
36225
36227
36229
36236
36237
36243
36245
36246
36247
36248
36249
36250
36255
36257
3626
36263
36267
36268
36271
36272
36277
36280
36285
36289
36291
36293
36294
36297
363
36300
3631
36310
36318
36321
36324
36330
36332
3634
36341
36342
36346
36348
36349
36352
36354
36362
36365
36366
36370
36371
36375
36379
36380
36381
36390
36395
36398
364
3640
36403
36406
36407
36409
36412
36431
36439
36442
36446
36447
36455
36458
36462
36467
36469
3647
36470
36471
36477
36480
36482
36488
36491
36496
36501
36505
36506
36511
36512
36514
36516
36520
36532
36534
36537
36542
36544
36545
36546
36547
36549
3655
36551
36552
36553
36558
36561
36563
36567
36568
36570
36572
36573
36575
36583
36589
36590
36592
36594
36597
36599
366
36600
36613
36614
36615
36616
36621
36622
36623
36624
36627
36628
36633
36637
36639
36644
36646
36649
36651
36652
36656
36657
36658
36664
36666
36667
36669
36670
36672
36677
36679
36681
36682
36692
36693
36695
36697
36700
36701
36702
36704
36708
36709
36733
36739
36741
36742
36744
36746
3675
36750
36751
36755
36756
36763
36764
36767
36770
36772
36776
36777
36778
36781
36784
3679
36791
36795
36796
368
36804
36812
36815
36821
36825
36826
36827
36829
36831
36848
36849
36856
36857
36858
3686
36863
36865
36874
36892
369
36902
36905
36906
3691
3692
36921
36927
36933
36937
36938
3694
36942
36946
36959
36960
36961
36962
36972
36976
36977
36981
36990
3702
37037
37039
37041
37042
37045
37048
37055
37056
37062
37066
37068
37072
37073
37077
37084
37087
37092
37093
37094
37096
37098
37099
37105
37108
37109
37110
37111
37112
37114
37116
3712
37127
37129
37134
37136
37138
37141
37146
37148
37149
37150
37157
37166
37171
37176
37177
37181
37186
37187
37189
37191
37193
37198
37199
3720
37204
37207
3721
37210
37217
37223
37224
37225
37230
37231
37232
37234
37237
3725
37261
37263
37264
37269
3727
37273
3728
37282
37288
37289
3729
37292
37293
37295
37296
37297
37298
373
37300
37301
37303
37308
3731
37312
37316
37317
37320
37321
37322
37324
37325
37326
37329
3733
37331
37333
37334
37335
37336
37338
37340
37341
37345
37346
37348
37349
3735
37350
37368
3738
37390
37393
374
3740
37402
3741
37419
37422
37424
37429
37431
37434
37438
37448
37459
37460
37461
37466
37471
37472
37473
37474
37477
3748
37481
37482
37488
37489
37490
37492
37497
37500
37501
37504
37505
37506
37508
3751
37516
37519
37522
37527
37528
37543
37553
37565
37578
37586
37594
37596
376
37615
3762
37620
37624
37625
37626
37628
37629
37633
37656
377
37705
37706
37707
37723
37725
37733
37736
37737
3774
37742
37744
37746
37750
37752
37758
37762
37768
37770
37772
37774
37775
37776
37777
37792
378
37825
37827
37833
37834
37841
37845
37848
37849
37852
37854
37861
37866
37869
37870
37874
37883
37884
37885
37897
37899
379
37900
37910
37913
37914
3793
37932
37934
37936
37939
37940
37941
37952
37953
37955
37956
37957
37958
37970
37971
37974
37976
37988
37989
37993
37997
3800
38015
38028
38033
38034
38038
38039
38044
38047
38048
38049
3805
38054
38055
38061
38062
38071
3808
38085
38089
38093
38094
38096
3810
38100
38108
38112
38118
38127
3813
38135
38136
38137
38138
38139
38146
38154
38157
38165
38167
38168
38179
3818
38180
38186
38187
38190
38192
38193
38194
38200
38202
38205
38208
3821
38211
3824
3827
38270
38280
38292
3830
38301
38308
3831
38313
38338
38344
3835
38353
38357
38359
38360
38361
38362
38363
38364
3837
38370
38383
38385
3839
38391
38396
38398
38415
38419
3842
38423
38424
38425
3843
38432
38439
3844
38449
38453
38458
38459
38460
38466
38469
3847
38473
38478
38479
38480
38481
38483
38486
38487
38494
385
38500
38505
38506
38508
38509
3851
38510
38514
38519
38522
38527
38528
38533
38534
38535
38546
38558
38559
38573
38579
38582
38590
38600
38601
38613
38617
38622
38623
38625
38626
38632
38644
38653
38664
38668
38688
38691
38697
38698
387
38709
38714
38719
38721
38730
38731
38733
38734
38737
38741
38742
38762
3877
38773
38783
38785
38786
38787
38788
3879
38802
38803
38809
38810
38815
38818
38820
38830
38831
38834
38836
38838
3884
38848
38851
3886
38860
38861
38862
38864
3887
38880
38882
38883
38887
38895
389
3890
38907
3891
38914
3892
38921
38924
38925
38926
38927
38928
38934
38946
38947
38967
38970
38975
38976
38981
38985
38987
38988
3899
38992
38998
390
39006
39009
39010
39011
39015
3902
39024
39031
39037
39044
39049
3905
39050
39051
39052
39059
39068
39071
39075
39078
39086
3909
39090
39091
39096
39098
39099
391
39116
39120
39126
39127
39132
39139
3914
39145
39146
39153
39156
39157
3917
39173
39183
39187
39189
39191
39193
39197
392
39207
39217
39222
39227
3923
39238
39239
39243
39248
39250
39253
3926
39265
39274
39279
3928
39280
3929
39298
39299
393
39300
39301
39302
39303
39304
39305
39306
3931
39311
39315
39316
39321
39322
39325
39326
39331
39333
39334
39343
39344
39352
39376
39385
39409
3941
39429
39440
39441
39445
39447
39449
39458
39461
39485
39488
39494
39495
3950
39500
39501
39502
39506
39515
39518
39519
3952
39523
39525
39530
39538
39541
3956
39560
39561
39569
39572
39573
39577
39579
39583
39585
39588
3959
39595
39599
396
39600
39602
3961
39610
39611
3962
3963
39633
39634
39642
39643
39653
39658
39663
3967
3968
39680
39681
39685
39686
39687
39689
39692
39696
39698
39699
39700
3971
39719
39727
39738
39739
39749
39751
39752
39753
3976
39762
39765
39773
39778
39783
39784
39785
39789
39793
398
39804
3981
39810
39820
39821
39826
39827
39829
39857
39860
39876
39880
39887
39892
399
3990
39902
39915
39917
39918
3995
3996
39965
39971
39982
39988
39993
400
40003
40004
40007
40008
40022
40027
40031
40032
40035
40057
40062
40063
40068
4007
40073
40074
4008
40083
40085
4009
40094
401
4011
40111
40125
40129
40134
40137
40138
40140
40141
40143
40146
40147
40148
40149
40150
40155
40156
40164
40165
40167
40168
40172
40183
40184
40192
40195
402
40205
40207
4021
40213
40229
40231
40232
40238
4025
40251
40256
40271
40272
40282
40285
40291
40292
40297
40299
40300
40303
40304
4032
40326
4033
40341
40342
40346
40348
40352
40355
40358
40359
40364
40365
40367
4037
40374
40381
40382
40386
40387
40392
40397
404
40400
40408
40415
40419
40429
4043
40431
40434
40446
40453
40454
40455
40459
40468
40478
4048
40482
40492
40495
40497
405
40502
40503
40508
40526
40527
40530
40534
4054
40540
4055
40554
40558
40559
4056
40567
4058
40581
40584
40589
4059
40610
40611
40616
4063
40635
40637
4064
40643
40644
40650
40661
40664
40681
40686
4070
4071
40710
40711
40713
40718
40719
4072
40725
40732
40736
40740
40741
40745
40746
40747
40756
40759
40760
40761
40762
40763
40764
40765
40766
4077
40770
40775
40785
408
4080
4081
40816
40818
40819
40821
40826
4083
40839
40848
40857
4086
40863
40866
4087
40878
40879
40885
40889
40890
40898
4090
40905
40906
40913
40914
40915
40930
40933
40935
40938
40941
40944
40948
40949
40950
40951
40964
40983
4099
40990
40995
40997
4100
41015
4102
41021
41024
41025
41029
41032
41048
41064
41067
4107
41075
41078
41081
41082
41088
41098
411
4111
41129
41134
41135
4114
41151
41153
41155
41157
41164
41166
41168
41170
41176
4118
41184
41186
41199
41205
41210
41212
41213
41214
4122
41224
41225
41226
4123
41230
41238
41239
4124
41240
41248
4125
41251
41253
41259
41263
41265
41266
41268
41269
4127
41274
41276
41285
41297
413
41302
41306
41313
41314
41316
41320
41323
41324
41331
41349
41354
41355
41374
41382
41389
4139
41395
41397
41399
414
4140
41409
4141
41410
41415
41418
41419
41420
41427
4143
41436
41442
41445
41458
41466
41475
41488
4149
41490
415
41503
41508
41518
41522
41536
41538
41543
4155
4156
41571
41572
41573
41576
41577
4158
41584
41586
41587
41591
41595
416
41611
41613
41618
41619
41628
41631
41633
41634
41637
41642
41646
41649
4165
41662
41663
41671
41672
41675
4168
41682
41683
41684
417
41702
4171
41710
41712
41715
41718
41722
41728
4173
41732
4174
41743
41744
41748
41758
41764
41766
41771
4180
41808
41814
41815
41830
4184
41840
41841
41846
4185
41864
41868
41869
41872
41874
4188
41880
41881
41888
41893
41905
4191
41921
41931
41936
41949
4195
41950
41959
41961
41968
41969
4197
41971
41972
41975
41976
41977
41978
41981
41983
41985
41987
41997
41999
42005
42016
4202
42031
42033
42038
42043
42048
42051
42052
42053
42054
42066
42068
42072
42073
42077
42078
42079
4208
42091
42092
42098
42100
42104
42110
4212
42123
42125
42128
42142
42150
42152
4216
422
4220
42212
42214
42223
42225
42234
42237
42246
42253
42254
42262
42263
42265
4227
42282
42284
42287
42289
4229
42290
42291
42295
423
42306
42307
42308
42319
42323
42328
42336
42337
42350
42356
42371
42376
4238
42386
424
42402
42403
42404
42407
42417
42420
42429
42438
4244
42449
42450
42462
42466
42470
42471
42472
42473
42475
42476
42482
42483
42486
4249
42495
42499
425
42501
42502
42506
4251
42516
42520
4253
42546
42559
42560
4257
42577
42579
4258
42581
42583
42586
42588
4259
42592
426
42603
42606
42609
4261
42618
4262
42629
42633
42635
42642
42651
42653
42655
42656
42657
42667
42668
4267
42670
42671
42678
4268
42680
42681
4269
42692
42696
427
4270
42700
42701
42704
42709
4271
4273
42750
4276
42763
42764
42772
42775
42776
42779
42783
42797
4280
4281
42810
42815
42830
42834
42837
42851
42852
42859
42861
42862
42868
4287
42872
42875
42880
42888
42890
4290
42902
42903
4291
42910
42911
42914
42921
42936
42954
42977
42981
42982
42987
42989
42993
42999
430
4300
43007
43018
4302
43021
4303
43038
43039
43045
4305
43052
43053
43054
4306
43060
43061
43062
43063
43064
43066
43071
4308
43097
431
4310
43105
43110
43113
43119
43120
43128
43129
43136
43149
43158
43161
43164
43168
43182
43184
43185
432
43203
43212
43214
43216
43226
43229
43233
43235
43241
43243
43246
4325
43255
4326
43261
4327
43278
4328
43280
43288
43295
43296
43302
43304
43306
4332
4333
43344
43345
43347
43348
43354
43356
43357
43358
43359
4336
43388
43389
43399
434
43401
43404
43405
43406
43407
43408
4341
43421
43422
4343
43430
43435
43444
43449
43455
43459
43463
43476
4348
43482
43490
435
4350
43504
4352
43520
43523
43556
43557
43559
43575
43582
43588
43590
43596
43597
43607
43612
43613
43617
43618
43619
43620
43624
43627
43629
43631
43633
43638
43641
43644
43645
43647
43652
43655
43658
43659
43662
43664
43665
43689
4372
43742
43747
43748
43751
43752
43758
43762
43766
43768
43771
43772
43773
43776
43777
43784
43788
43789
43794
43796
43804
43822
43823
43835
43841
43844
43858
43861
43863
43864
43866
43867
43873
43878
43889
43892
43895
43906
43935
43938
43939
43963
43965
43966
43967
43974
43975
43977
43978
43979
43980
43981
43982
43983
43984
43986
43988
43989
43990
43991
43992
43994
43996
440
44001
44004
44007
44012
44013
44017
44020
44022
44024
44026
44028
44032
44033
44036
44037
44039
44043
44047
44049
44050
44053
44054
44056
44062
4407
44071
44073
44074
44076
44077
44078
44084
44091
44093
441
44102
44103
44110
44114
44116
44118
44120
44128
44129
44130
44132
44134
44135
44140
44147
44152
44153
44158
44159
4416
44160
44162
44163
44164
44167
44169
44172
44181
44187
44188
44194
44195
44197
44198
44203
44207
44208
44214
44223
44224
44225
44228
44235
44236
44237
44240
44249
44254
44258
44265
44266
44272
44273
44287
44288
44293
44296
44298
44299
443
44303
44304
44306
44307
44309
44310
44317
44320
44321
44336
44341
44342
44343
44356
44357
44358
44359
44361
44362
44363
44368
4437
44376
44379
44381
44390
44394
44397
444
44400
44406
44410
44415
44416
44418
44423
44424
44426
44427
44428
44430
44431
44432
44438
44444
44448
44449
44451
44452
44453
44455
44456
44457
44458
44460
44462
44463
44466
44471
44472
44481
44482
44485
44491
44492
44494
44495
44500
44501
44503
44505
44508
4451
44512
44514
44516
44517
44518
44519
44521
44526
44529
44536
44541
44542
44543
44544
44549
4455
44553
44557
44559
44560
44561
44562
44565
44566
44573
44574
44582
44586
44587
44594
44595
44598
446
44600
44605
44610
44611
44613
44615
44616
44617
4462
44627
44630
44640
44641
44649
44652
44658
44667
44669
44670
44672
44674
44676
44685
44693
44694
447
44707
44708
44709
44715
44718
44723
44727
44730
44739
44741
44743
44746
44747
44752
44753
44754
44756
44757
44758
44759
44768
44772
44776
44777
44780
44782
44783
44784
44785
44787
44788
44790
44791
44796
44798
448
44801
44802
44803
44805
44806
44808
44809
44811
44812
44849
44852
44855
44856
44857
44858
44869
44870
44873
44874
44875
44880
44885
44889
44893
44896
44897
44899
44903
44906
44911
44912
44914
44917
44926
44929
44932
44935
44940
44941
44943
44946
44948
44949
44952
44954
44955
44958
44964
44965
44967
44995
44998
450
45004
45017
45019
45021
45026
45027
45028
45029
45030
45032
45033
45039
45046
45052
45058
45060
45069
45071
45077
45079
45086
45090
45096
451
45106
45111
45112
45162
45166
45168
45171
45172
45176
45181
45182
45184
45211
45235
45237
45241
45245
45246
45253
45258
45260
45264
45278
45279
45282
453
45311
45317
45327
45340
45345
45350
45351
45374
45417
45427
45444
45445
45446
45449
45460
45467
45478
45491
45498
455
45502
45507
45508
45514
45524
45529
4553
45535
4554
45554
45555
45557
45575
45585
45591
45595
456
45600
45601
45602
45603
45623
45624
45625
45635
45661
457
45705
45719
45722
45723
45724
45767
45770
45778
45787
45795
45796
45799
45801
45802
45804
45808
45810
45813
45819
45825
45826
4583
45830
45836
45843
45851
45852
45855
45862
45873
45884
45895
459
45913
45930
45935
45938
45939
45941
45952
45962
45968
45977
45978
45979
45990
45992
45994
46001
46012
46029
46042
46045
46046
46047
46048
46058
46068
46076
46077
46079
46088
46090
46100
46108
46109
46118
46135
46139
46141
46143
46144
46151
46155
46166
46169
46196
46198
46199
462
46203
46206
46212
46218
46219
46227
46235
4625
46258
46263
46265
46269
4630
46308
46310
46311
46333
46338
46344
46362
46365
46370
46373
46375
46382
46398
464
46419
46439
46440
46447
46448
46449
46451
46461
465
46504
46519
46528
46538
46543
46546
46550
46552
46568
46569
46575
46586
46592
46594
46595
46598
466
46606
46607
46608
46610
46611
46615
46629
46659
46685
46688
46693
467
46711
46741
46747
46754
4676
46772
46790
468
46810
46811
46814
46832
46833
46834
46835
46836
46856
46865
46876
46878
46883
46892
46894
469
46913
46922
46937
46958
4696
46966
46968
46974
46976
46980
46982
46991
47004
47009
47013
47020
47023
47030
47032
47035
47039
47041
47052
47065
47081
47083
47085
47090
47095
471
47118
47130
47140
47145
47146
47161
47169
47170
47196
472
47203
47204
47217
47262
47263
47264
47269
47281
47282
47292
47299
47309
47311
47313
47314
47320
47323
47327
47328
47340
47345
47346
47347
47348
47351
47372
47374
47379
47382
47383
47384
47387
47393
474
47400
47401
47412
47452
47466
47470
47482
47495
47503
47504
47527
47533
47540
47544
47555
47557
47559
47561
47587
476
47610
47622
47627
47638
47640
47642
47649
47652
47655
47661
47698
477
47701
47702
47706
47712
47723
47729
47732
47743
47744
47749
47774
47779
47799
478
47803
4781
47813
47815
47818
47821
47822
47828
47830
47838
47839
47840
47853
47864
47865
47874
47875
47881
479
47920
47921
47930
47937
47948
47952
47953
47957
47960
47967
47973
47998
48000
48001
48003
48010
48011
48021
48025
48032
48052
48065
48072
48092
48096
48099
48100
48148
48152
48164
48178
48190
48197
48198
48199
482
48204
48227
48243
48245
48246
48250
48270
48279
48295
48297
48360
48371
48373
48380
48395
48399
484
48429
48432
48439
48473
48486
48493
485
48501
48510
48511
48522
48530
48537
48540
48601
48604
48627
48629
48638
48644
48662
48667
487
48712
48718
48720
48727
48728
48731
48733
48734
48736
48738
48757
48788
48796
48797
488
48800
48803
48807
48808
48825
48827
48830
48842
48852
48858
48860
48862
48863
48868
48870
48878
489
48911
48934
48935
48963
48967
48974
490
49020
49028
49029
49030
49032
49037
49041
49053
49060
49082
49084
49085
49092
49093
49094
49097
491
49109
49110
49111
49148
49151
49153
49154
49158
49160
49161
49166
49169
4917
49179
49181
492
49235
49238
49245
49250
49251
49252
49261
493
4930
49300
49314
49320
49338
49340
49342
49351
49355
49356
49360
49371
49376
49395
494
49408
49414
49418
49420
49441
49449
49461
49481
49485
49499
49505
49506
49509
49510
49515
49526
49543
49561
49589
49594
49599
49602
49604
49620
49623
49634
49635
49636
49637
49648
4965
49659
49660
49665
49670
49671
49677
49684
49687
49689
49701
49702
49704
49706
49711
49714
49715
49717
49718
49723
49727
49731
49732
49734
49735
49744
49749
49753
49762
49778
49784
49797
498
49802
49806
49815
49822
49832
49833
49842
49850
49853
49856
49857
49878
49880
49890
49899
499
49920
49925
49935
49947
49949
49951
49959
49961
49973
49984
49993
49995
49999
500
50016
50017
50019
50023
50025
50026
50030
50038
50041
50042
50044
50046
50052
50053
50055
50058
50059
50064
50074
50078
50079
50081
50082
50088
50090
50092
50094
50095
50098
501
50109
50111
50114
50115
50117
50121
50122
50127
50128
50140
50142
50143
50144
50150
50152
50155
50160
50162
50164
50165
50167
50170
50171
50172
50174
50177
50179
50188
50195
50199
502
50205
50207
50209
50213
50216
50217
50219
50222
50226
50227
50230
50231
50237
50239
50242
50245
50249
50250
50251
50274
50276
50277
50282
50284
50285
50288
50289
50295
50297
50298
50300
50354
504
50434
50452
505
5056
50579
50587
50597
506
5060
50626
5063
50661
50688
50754
50779
508
50836
50840
50846
50850
50852
50856
50858
50860
50862
50867
50887
50893
50896
50999
510
51001
51080
511
5115
51170
51171
51172
51176
51178
51179
512
5121
51235
51248
5138
515
516
5163
517
5172
518
519
520
521
522
5220
5226
523
5237
524
5242
525
5259
5263
527
529
5293
530
5302
531
5318
532
533
534
5342
536
5361
5365
537
5408
541
542
5426
544
546
547
5473
5476
549
5490
5491
550
5509
551
552
5528
5538
554
556
5580
5599
5609
563
5645
5659
5667
567
5688
569
5692
570
572
5729
573
574
5742
575
5751
576
578
5797
580
5801
582
5820
585
5858
586
587
5875
5878
59
591
592
593
5932
596
5967
597
5988
60
601
6014
602
603
605
609
610
611
612
615
616
617
618
6194
620
621
6222
623
6233
624
625
626
627
628
629
631
6330
6331
6337
634
635
636
6367
6368
639
641
643
644
646
647
6477
649
65
651
652
653
654
655
656
657
658
659
66
660
661
6611
662
663
666
668
669
670
6707
671
672
6749
677
678
6785
679
680
6819
682
684
687
688
689
690
692
695
697
6987
699
6997
6999
701
702
7026
703
7039
704
705
7050
707
709
710
7101
712
713
7145
716
7161
7162
717
7176
7182
7193
7207
721
7212
7216
722
723
7233
724
7242
725
726
7264
727
7271
7274
7294
730
7309
731
7318
732
734
7347
735
737
738
7384
739
7391
7397
740
7400
741
742
7424
7425
7429
7430
7432
7439
744
7440
7441
7442
7443
7444
7448
745
7452
746
7460
7461
7463
7466
7469
747
7470
7479
7481
7488
7489
749
7494
7495
7497
7498
7499
7510
7513
7514
7515
7517
7521
7522
7523
7526
7529
753
7530
7531
7532
7533
7535
7537
7538
754
7541
7542
7546
7547
7548
7549
755
7550
7551
7552
7553
7560
7566
7570
7571
7572
7573
7574
7575
7578
7581
7582
7583
7587
7588
759
7591
7596
7597
7599
760
7602
7606
7607
7609
761
7611
7612
763
7630
7636
7638
7639
764
7640
7645
7651
7655
7663
7667
767
7673
7674
7680
7681
7683
7686
7688
7689
769
7692
7693
7694
7700
7703
7705
7707
7708
7709
7712
7713
7716
7718
772
7722
7723
7727
773
7739
774
7740
7744
775
7757
7759
776
7760
7762
7764
7767
777
7771
7772
7776
7778
778
7783
7786
7787
7791
7797
780
7801
7802
7803
7805
7807
7808
7809
781
7816
7817
782
7820
7822
783
7833
7839
784
7841
7842
7843
7846
786
7860
7864
7865
7866
7868
7869
787
7870
7871
7874
7875
7876
7878
7879
7884
7885
7886
7887
789
7891
7892
7912
7914
792
7922
7924
7926
7928
7929
7931
7934
7935
7937
7942
7943
7949
795
7950
7952
7956
7958
796
7960
7961
7970
7971
7972
798
7984
7986
7987
7988
7989
799
7993
8000
8001
8003
8007
8008
801
802
8021
8022
8023
8026
803
8031
8035
8036
8037
804
8040
8046
805
8050
8051
8054
8059
8061
8063
8067
8068
8069
807
8071
8072
8073
8082
8084
8085
8086
8087
8089
809
8090
8092
8099
8100
8103
8107
8109
811
8112
8115
8117
8119
8122
8123
8129
8131
8132
8139
814
8140
8143
8146
815
8150
8152
8153
8154
8157
8158
8160
8161
8163
8169
8170
818
8187
8188
8191
8194
8199
820
8202
8204
821
8211
8212
8215
8216
8217
8218
822
8221
8222
8223
8227
8228
8229
823
8231
8234
8240
8241
8242
8246
8250
8252
8253
8254
8255
8256
8257
8258
8260
8261
8263
827
8282
8284
8288
8293
83
8302
832
8324
8327
833
8334
834
8345
8347
835
8353
8354
8355
8362
8363
8366
837
8371
8376
8384
8385
839
8391
8392
8394
8395
8398
840
8401
8402
8403
8406
8407
8409
8415
8417
8418
8419
842
8420
8422
8424
8426
843
8431
8433
8434
8435
8436
8439
844
8441
8445
8446
8447
8449
8450
8453
8459
846
8460
8464
8465
8466
8468
847
8470
8473
848
8481
8484
8485
8487
849
8495
850
8500
8501
852
8525
853
8535
854
855
856
8594
861
8626
8635
8636
8638
8639
864
8642
8644
8647
8649
865
8650
8655
8658
8662
8663
8667
8669
8670
8673
8674
8675
8676
8677
868
8680
8688
869
8690
8691
8693
8694
8697
8699
870
8701
8708
8709
871
8710
8712
8714
8716
8719
872
8723
8726
8727
8728
8729
873
8738
8747
875
8753
8754
876
8768
8769
877
8775
8776
8779
8781
8783
8785
879
8790
8792
8795
8797
8798
880
8800
8801
8804
8805
8808
881
8810
8812
8813
8815
8816
8818
8819
8820
8824
8825
8826
8827
8828
8831
8833
884
8841
8844
8845
8847
885
8853
8857
886
8862
8864
8865
8866
8868
8869
887
8870
8871
8872
8874
8884
8887
8889
889
8891
8892
8894
8895
8896
890
8906
8909
891
8910
8912
8917
8918
892
8924
893
8933
894
8942
8945
8946
8947
895
8952
8953
8958
8959
8960
8961
8962
8963
8964
8967
897
8972
8973
8976
8977
8978
8979
8980
8981
8982
8983
8984
8986
8987
8988
8989
899
8990
8991
8993
8994
8995
8996
8998
8999
900
9000
901
9012
9017
9024
9026
9027
9036
904
9040
9046
9047
9048
905
9052
9058
9059
906
9060
9062
9066
9067
9068
9069
907
9070
9071
9075
9077
9079
908
9081
9087
9088
909
9092
9095
9098
9099
910
9100
9102
9103
9104
9109
9113
9114
9115
9116
912
9124
9125
9134
9135
9137
9138
9139
914
9143
9146
9148
915
9151
9153
9158
9159
916
9164
9166
9167
9169
9173
9174
9175
9176
9177
918
9181
9182
9183
9188
919
9190
9191
9192
9199
920
9203
9205
9207
9208
9209
921
9211
9218
9219
9224
9228
9229
923
9234
9238
9241
9242
9244
9245
9249
9250
9251
9254
9258
926
9264
9271
9283
9284
9285
9286
9289
9292
930
9301
9303
9304
9308
9309
931
9312
9313
9317
932
9323
9328
9329
9332
9335
9337
9339
934
9340
9347
9348
9350
9353
936
9361
9367
9369
9372
9373
9374
9375
938
9382
9384
940
9404
941
9413
9414
9415
9416
9421
9423
9427
9428
943
9432
9433
9434
9436
9442
9444
9446
9447
9448
9449
945
9450
9453
9458
946
9460
9464
9465
9467
947
9470
9471
9472
9475
948
9485
9488
9489
949
9491
9496
9498
950
9500
9502
9503
9504
9506
9507
951
9512
953
9534
9535
954
9540
9545
9547
955
9550
9553
9556
9559
9561
9564
9566
9567
9568
9570
9572
9574
958
9580
9581
9584
9586
959
960
9603
9606
9607
9608
961
9613
9614
962
9620
9624
9625
9626
9633
9636
9638
964
9648
9649
965
9651
9652
9653
9654
9658
9659
966
9660
9662
9663
9665
9668
967
9670
9671
9673
9675
968
9705
971
9712
9714
9715
9716
9717
9721
9723
9726
9729
973
9731
9732
9733
9734
9735
9736
9737
974
9743
976
9763
9766
9771
9772
9776
9777
9778
9779
978
9780
9781
9784
9785
9786
979
9793
9795
9798
980
9800
9801
9803
982
9820
9824
983
9835
9846
985
9852
9856
9858
9860
9867
987
9870
9874
9875
9876
9878
9879
988
9881
9884
9889
989
9894
9896
9898
9902
9904
9908
991
9911
9914
9915
9919
992
993
9930
9932
9935
9942
9945
9947
9948
995
9950
9953
996
9963
997
9973
998
9981
9983
9986
999
9990
9994
9995
9999